              precision    recall  f1-score   support

           A       1.00      1.00      1.00         3
           B       0.75      1.00      0.86         3
           C       1.00      0.33      0.50         3
           D       0.67      0.67      0.67         3
           E       1.00      1.00      1.00         3
           F       1.00      0.67      0.80         3
           G       0.75      1.00      0.86         3
           H       1.00      1.00      1.00         3
           I       1.00      1.00      1.00         3
           J       0.75      1.00      0.86         3
           K       1.00      1.00      1.00         3
           L       1.00      1.00      1.00         3
           M       0.75      1.00      0.86         3
           N       1.00      0.67      0.80         3
           O       1.00      1.00      1.00         3
           P       0.75      1.00      0.86         3
           Q       1.00      1.00      1.00         3
           R       0.75      1.00      0.86         3
           S       1.00      0.33      0.50         3
           T       1.00      1.00      1.00         3
           U       1.00      0.67      0.80         3
           V       0.75      1.00      0.86         3
           W       1.00      1.00      1.00         3
           X       1.00      1.00      1.00         3
           Y       1.00      1.00      1.00         3
           Z       1.00      1.00      1.00         3

    accuracy                           0.90        78
   macro avg       0.92      0.90      0.89        78
weighted avg       0.92      0.90      0.89        78
